# Flir 640 Right Camera
image_width: 640
image_height: 512
camera_name: thermal_right

camera_matrix:
  rows: 3
  cols: 3
  data: [417.36729084, 0, 314.3000161,
         0, 417.03044824, 255.89962207,
         0, 0, 1]

distortion_model: equidistant # radtan
distortion_coefficients:
  rows: 1
  cols: 4
  data: [0.09309942,-0.93580573,1.87548284,-1.32763579]

rectification_matrix: # identity
  rows: 3
  cols: 3
  data: [1., 0, 0, 
         0, 1, 0,
         0, 0, 1]

projection_matrix:
  rows: 3
  cols: 4
  data: [417.36729084, 0, 314.3000161, 0,
         0, 417.03044824, 255.89962207, 0,
         0, 0, 1, 0]
